4.500000000000000000e+01
3.800000000000000000e+01
7.300000000000000000e+01
1.360000000000000000e+02
8.000000000000000000e+00
1.980000000000000000e+02
1.670000000000000000e+02
1.820000000000000000e+02
4.100000000000000000e+01
6.000000000000000000e+00
3.000000000000000000e+01
1.390000000000000000e+02
1.990000000000000000e+02
1.420000000000000000e+02
5.400000000000000000e+01
1.900000000000000000e+02
1.630000000000000000e+02
1.800000000000000000e+02
7.200000000000000000e+01
1.590000000000000000e+02
9.400000000000000000e+01
1.300000000000000000e+02
2.300000000000000000e+01
9.500000000000000000e+01
9.300000000000000000e+01
1.280000000000000000e+02
6.300000000000000000e+01
7.000000000000000000e+00
1.350000000000000000e+02
4.000000000000000000e+01
4.800000000000000000e+01
1.570000000000000000e+02
7.400000000000000000e+01
1.840000000000000000e+02
4.400000000000000000e+01
5.600000000000000000e+01
7.900000000000000000e+01
1.040000000000000000e+02
1.550000000000000000e+02
1.250000000000000000e+02
5.000000000000000000e+01
1.830000000000000000e+02
2.000000000000000000e+00
1.450000000000000000e+02
1.520000000000000000e+02
1.500000000000000000e+02
1.500000000000000000e+01
1.750000000000000000e+02
5.700000000000000000e+01
6.400000000000000000e+01
