3.000000000000000000e+01
1.200000000000000000e+02
1.180000000000000000e+02
1.640000000000000000e+02
2.900000000000000000e+01
1.980000000000000000e+02
1.940000000000000000e+02
1.660000000000000000e+02
1.870000000000000000e+02
7.500000000000000000e+01
1.610000000000000000e+02
6.300000000000000000e+01
1.580000000000000000e+02
6.100000000000000000e+01
1.690000000000000000e+02
1.530000000000000000e+02
1.480000000000000000e+02
3.600000000000000000e+01
1.910000000000000000e+02
2.200000000000000000e+01
4.300000000000000000e+01
5.000000000000000000e+01
1.300000000000000000e+02
1.620000000000000000e+02
2.400000000000000000e+01
1.680000000000000000e+02
1.390000000000000000e+02
1.150000000000000000e+02
1.760000000000000000e+02
1.000000000000000000e+00
1.440000000000000000e+02
6.000000000000000000e+01
1.810000000000000000e+02
9.000000000000000000e+00
8.200000000000000000e+01
5.300000000000000000e+01
6.500000000000000000e+01
1.920000000000000000e+02
1.490000000000000000e+02
6.000000000000000000e+00
7.200000000000000000e+01
4.900000000000000000e+01
7.600000000000000000e+01
1.050000000000000000e+02
3.000000000000000000e+00
2.800000000000000000e+01
2.000000000000000000e+00
5.400000000000000000e+01
4.400000000000000000e+01
8.000000000000000000e+01
