4.000000000000000000e+00
1.050000000000000000e+02
1.980000000000000000e+02
1.340000000000000000e+02
1.300000000000000000e+02
1.900000000000000000e+01
8.000000000000000000e+01
1.130000000000000000e+02
3.600000000000000000e+01
8.100000000000000000e+01
1.570000000000000000e+02
8.900000000000000000e+01
2.700000000000000000e+01
1.620000000000000000e+02
1.950000000000000000e+02
2.600000000000000000e+01
1.010000000000000000e+02
8.500000000000000000e+01
6.600000000000000000e+01
1.800000000000000000e+01
3.800000000000000000e+01
1.640000000000000000e+02
1.670000000000000000e+02
4.400000000000000000e+01
1.850000000000000000e+02
1.590000000000000000e+02
5.700000000000000000e+01
1.580000000000000000e+02
1.460000000000000000e+02
1.930000000000000000e+02
3.200000000000000000e+01
1.330000000000000000e+02
9.500000000000000000e+01
1.140000000000000000e+02
1.660000000000000000e+02
9.000000000000000000e+01
5.800000000000000000e+01
7.100000000000000000e+01
1.420000000000000000e+02
9.700000000000000000e+01
5.000000000000000000e+01
4.300000000000000000e+01
1.230000000000000000e+02
1.860000000000000000e+02
3.500000000000000000e+01
1.490000000000000000e+02
8.400000000000000000e+01
1.000000000000000000e+01
1.740000000000000000e+02
2.300000000000000000e+01
