1.350000000000000000e+02
1.480000000000000000e+02
1.580000000000000000e+02
1.400000000000000000e+02
1.300000000000000000e+02
1.740000000000000000e+02
8.200000000000000000e+01
1.260000000000000000e+02
1.540000000000000000e+02
2.200000000000000000e+01
1.690000000000000000e+02
4.700000000000000000e+01
1.110000000000000000e+02
4.600000000000000000e+01
1.760000000000000000e+02
3.100000000000000000e+01
4.500000000000000000e+01
1.500000000000000000e+02
1.050000000000000000e+02
3.000000000000000000e+01
9.800000000000000000e+01
1.610000000000000000e+02
9.600000000000000000e+01
9.100000000000000000e+01
2.800000000000000000e+01
6.000000000000000000e+01
1.250000000000000000e+02
0.000000000000000000e+00
8.500000000000000000e+01
1.400000000000000000e+01
4.000000000000000000e+01
1.370000000000000000e+02
1.030000000000000000e+02
1.330000000000000000e+02
2.500000000000000000e+01
2.700000000000000000e+01
1.040000000000000000e+02
9.000000000000000000e+01
1.600000000000000000e+01
8.100000000000000000e+01
9.500000000000000000e+01
7.400000000000000000e+01
1.900000000000000000e+01
3.800000000000000000e+01
9.400000000000000000e+01
6.600000000000000000e+01
7.900000000000000000e+01
1.810000000000000000e+02
1.300000000000000000e+01
1.930000000000000000e+02
