1.900000000000000000e+01
9.000000000000000000e+00
1.310000000000000000e+02
1.040000000000000000e+02
8.100000000000000000e+01
8.000000000000000000e+01
5.600000000000000000e+01
1.010000000000000000e+02
6.300000000000000000e+01
9.900000000000000000e+01
6.400000000000000000e+01
1.290000000000000000e+02
8.300000000000000000e+01
1.750000000000000000e+02
1.800000000000000000e+02
1.070000000000000000e+02
1.700000000000000000e+01
2.600000000000000000e+01
7.000000000000000000e+00
9.700000000000000000e+01
9.000000000000000000e+01
1.580000000000000000e+02
2.700000000000000000e+01
7.100000000000000000e+01
6.500000000000000000e+01
1.860000000000000000e+02
9.100000000000000000e+01
1.820000000000000000e+02
4.900000000000000000e+01
1.530000000000000000e+02
1.390000000000000000e+02
8.900000000000000000e+01
1.450000000000000000e+02
1.970000000000000000e+02
1.760000000000000000e+02
1.590000000000000000e+02
6.800000000000000000e+01
1.250000000000000000e+02
1.460000000000000000e+02
7.500000000000000000e+01
5.800000000000000000e+01
1.360000000000000000e+02
1.430000000000000000e+02
1.550000000000000000e+02
6.600000000000000000e+01
1.220000000000000000e+02
1.120000000000000000e+02
1.300000000000000000e+01
1.000000000000000000e+02
1.600000000000000000e+02
