1.510000000000000000e+02
1.110000000000000000e+02
2.600000000000000000e+01
1.260000000000000000e+02
7.900000000000000000e+01
1.810000000000000000e+02
1.180000000000000000e+02
1.730000000000000000e+02
1.320000000000000000e+02
5.100000000000000000e+01
1.650000000000000000e+02
1.930000000000000000e+02
4.000000000000000000e+01
1.790000000000000000e+02
0.000000000000000000e+00
8.600000000000000000e+01
9.400000000000000000e+01
9.800000000000000000e+01
1.950000000000000000e+02
1.580000000000000000e+02
4.100000000000000000e+01
1.440000000000000000e+02
1.000000000000000000e+01
1.060000000000000000e+02
2.800000000000000000e+01
1.990000000000000000e+02
1.040000000000000000e+02
1.540000000000000000e+02
5.800000000000000000e+01
1.850000000000000000e+02
1.340000000000000000e+02
1.170000000000000000e+02
3.200000000000000000e+01
9.500000000000000000e+01
5.000000000000000000e+00
4.800000000000000000e+01
1.820000000000000000e+02
1.570000000000000000e+02
8.300000000000000000e+01
1.840000000000000000e+02
1.620000000000000000e+02
8.400000000000000000e+01
1.780000000000000000e+02
9.200000000000000000e+01
1.400000000000000000e+01
1.550000000000000000e+02
1.210000000000000000e+02
2.100000000000000000e+01
5.000000000000000000e+01
4.400000000000000000e+01
