1.590000000000000000e+02
8.000000000000000000e+00
1.440000000000000000e+02
5.400000000000000000e+01
3.100000000000000000e+01
1.000000000000000000e+01
2.400000000000000000e+01
1.010000000000000000e+02
9.700000000000000000e+01
8.800000000000000000e+01
3.500000000000000000e+01
1.250000000000000000e+02
1.190000000000000000e+02
1.730000000000000000e+02
1.080000000000000000e+02
1.640000000000000000e+02
1.520000000000000000e+02
4.100000000000000000e+01
1.280000000000000000e+02
6.300000000000000000e+01
1.940000000000000000e+02
1.460000000000000000e+02
1.570000000000000000e+02
3.800000000000000000e+01
1.720000000000000000e+02
9.100000000000000000e+01
1.100000000000000000e+01
1.240000000000000000e+02
1.930000000000000000e+02
1.870000000000000000e+02
1.100000000000000000e+02
1.920000000000000000e+02
1.220000000000000000e+02
0.000000000000000000e+00
1.400000000000000000e+01
4.400000000000000000e+01
1.800000000000000000e+02
4.000000000000000000e+01
1.510000000000000000e+02
9.200000000000000000e+01
4.600000000000000000e+01
1.030000000000000000e+02
6.900000000000000000e+01
1.270000000000000000e+02
1.780000000000000000e+02
1.420000000000000000e+02
1.760000000000000000e+02
1.700000000000000000e+01
1.560000000000000000e+02
1.110000000000000000e+02
