7.000000000000000000e+00
1.810000000000000000e+02
1.340000000000000000e+02
1.720000000000000000e+02
4.200000000000000000e+01
1.320000000000000000e+02
6.800000000000000000e+01
1.610000000000000000e+02
1.400000000000000000e+02
1.650000000000000000e+02
1.430000000000000000e+02
4.600000000000000000e+01
1.740000000000000000e+02
1.050000000000000000e+02
1.000000000000000000e+00
5.100000000000000000e+01
1.600000000000000000e+01
8.200000000000000000e+01
6.100000000000000000e+01
3.400000000000000000e+01
1.900000000000000000e+02
4.000000000000000000e+00
1.190000000000000000e+02
1.910000000000000000e+02
4.000000000000000000e+01
1.360000000000000000e+02
8.100000000000000000e+01
1.570000000000000000e+02
5.000000000000000000e+00
7.800000000000000000e+01
9.400000000000000000e+01
2.300000000000000000e+01
1.670000000000000000e+02
5.700000000000000000e+01
1.180000000000000000e+02
1.090000000000000000e+02
1.460000000000000000e+02
3.100000000000000000e+01
9.200000000000000000e+01
6.200000000000000000e+01
9.300000000000000000e+01
1.890000000000000000e+02
6.000000000000000000e+01
1.290000000000000000e+02
1.260000000000000000e+02
8.800000000000000000e+01
6.500000000000000000e+01
8.500000000000000000e+01
1.170000000000000000e+02
1.060000000000000000e+02
