5.000000000000000000e+00
6.100000000000000000e+01
6.700000000000000000e+01
2.300000000000000000e+01
1.340000000000000000e+02
2.000000000000000000e+00
1.840000000000000000e+02
2.100000000000000000e+01
1.830000000000000000e+02
9.900000000000000000e+01
1.930000000000000000e+02
1.360000000000000000e+02
1.820000000000000000e+02
1.710000000000000000e+02
1.130000000000000000e+02
1.100000000000000000e+02
3.100000000000000000e+01
1.900000000000000000e+01
2.700000000000000000e+01
1.220000000000000000e+02
6.000000000000000000e+00
1.430000000000000000e+02
1.660000000000000000e+02
4.700000000000000000e+01
1.810000000000000000e+02
3.300000000000000000e+01
2.400000000000000000e+01
1.390000000000000000e+02
1.880000000000000000e+02
7.000000000000000000e+00
9.000000000000000000e+01
6.900000000000000000e+01
1.720000000000000000e+02
9.000000000000000000e+00
9.800000000000000000e+01
9.100000000000000000e+01
4.900000000000000000e+01
7.700000000000000000e+01
1.800000000000000000e+01
4.500000000000000000e+01
7.200000000000000000e+01
1.150000000000000000e+02
1.790000000000000000e+02
6.500000000000000000e+01
1.030000000000000000e+02
9.400000000000000000e+01
1.690000000000000000e+02
5.000000000000000000e+01
4.800000000000000000e+01
8.500000000000000000e+01
